3845597360
3845565005
3845542374
3845516504
3845482088
3846246492
3846038515
3845869321
3845862440
3845768975
3846002755
3845826531
3845842574
3845026663
3844871908
3846320094
3846242120
3846105779
3846090637
3846602365
3846526257
3846529943
3846482696
3846366162
3846450079
3846373891
3846317980
3846228027
3846242099
3844828996
3844793950
3843471993
3843414709
3845753335
3842243875
3841096694
3841061908
3840887411
3840893421
3846583556
3846527784
3846513411
3846469471
3846444829
3846400482
3846357056
3846331284
3846145865
3841239483
3841222737
3841146574
3837341949
3846218064
3844554413
3843612083
3842309481
3842306209
3846414417
3846340155
3846033761
3845876562
3845638508
3845662214
3841236275
3846406461
3846370578
3846305030
3845994973
3846590678
3846561846
3846447855
3846461475
3846344976
3846634520
3846601584
3846565206
3846499447
3846377922
3846481943
3844925778
3843682125
3843539784
3842502746
3843471766
3843387271
3843393238
3840887725
3846551200
3846366681
3846327150
3846291219
3846213368
3845864161
3843026902
3841076882
3840974169
3839548565
3845041337
3844941158
3844752898
3844727289
3843174218
3842178560
3842163666
3842111468
3842071486
3841927646
3846421394
3845865389
3844976437
3844919368
3844930936
3845547026
3845581824
3845489295
3844573069
3844529191
3846482118
3842432100
3842332868
3842285829
3846018718
3845843355
3845749017
3845351128
3846413968
3846153203
3846109970
3846180826
3846151224
3846017059
3846001793
3845619482
3846182586
3846075146
3845958052
3846000430
3845867191
3846006100
3846031558
3844906278
3844876622
3843365766
3840951102
3839635931
3839603275
3834347009
3844446756
3843385641
3843329007
3843214402
3843188178
3846464750
3846304582
3846199935
3846604230
3846351535
3845647245
3845251103
3845217017
3846556534
3846513166
3846004014
3846332030
3846185364
3845984617
3845951621
3845836372
3845689803
3845607493
3845546668
3845572069
3843513156
3845259680
3845284684
3845219155
3843898166
3843659306
3846214016
3846001125
3845876088
3845892283
3845777846
3845541228
3844495838
3841224267
3840808089
3840227772
3845572462
3845538491
3845477699
3843624595
3846318775
3845683471
3846150739
3846014563
3845899414
3845827989
3845822326
3844744247
3844639573
3844662785
3843536377
3843530776
3840783117
3839455819
3839409480
3837099658
3837087341
3846382444
3846297727
3845830346
3845774878
3845770423
3845890401
3845727789
3845741257
3845150641
3845043663
3844994937
3844915788
3841927689
3839739483
3839736047
3839698000
3839666235
3844375191
3844392718
3845653036
3845606085
3846570251
3846514059
3845479641
3842735668
3842669246
3842663346
3842606687
3841393813
3841807345
3841765771
3840229452
3840202625
3836410555
3845722558
3845000521
3844904383
3844856927
3846327406
3845124276
3845058625
3844966924
3846096034
3845874214
3846621717
3846519090
3846512462
3846455852
3846460222
3846384945
3846362570
3845022964
3844898907
3844891838
3844853974
3844778613
3845899138
3845847055
3845787373
3846460261
3838538369
3835686449
3835702346
3835604933
3834645189
3845885438
3845766992
3845744213
3844725796
3846329319
3846117181
3846121772
3845313229
3845309872
3845304137
3845250152
3845206834
3846518527
3846534774
3840372834
3840302934
3840119491
3846485097
3845196154
3845145145
3845078514
3846008965
3846012912
3843187193
3843174251
3840918188
3846574437
3846454055
3845824536
3844770246
3844694597
3845656763
3842814379
3837835529
3837822389
3837550091
3845645649
3843308966
3843293844
3842631984
3842477099
3843180716
3843107054
3843082182
3842948174
3846555091
3845218087
3843551434
3846552940
3846478644
3845299937
3839590878
3838564450
3838540003
3836395945
3834856785
3845739061
3846588146
3846634001
3846591422
3846556417
3846140112
3845972791
3845827158
3844008545
3843584217
3846224472
3845185898
3844332373
3844288551
3846002662
3845089738
3844937743
3844741212
3846321969
3846212116
3846437308
3845175249
3845129520
3840904987
3840864393
3840788950
3840345164
3840337571
3846149911
3844911309
3844864489
3844799418
3840697950
3840712162
3839480330
3838922529
3838854702
3845832207
3845150736
3844524101
3843735291
3842241221
3846231017
3845289630
3845214194
3845190808
3845163781
3845114317
3844444784
3843852204
3843665711
3846424421
3846215507
3846105398
3845828664
3845419582
3845436319
3845434000
3845029170
3845001341
3844896365
3844868386
3843475322
3844545984
3843512504
3843344842
3843212278
3839650536
3838768952
3838752050
3838694458
3845684234
3844545082
3844488530
3843613512
3841805777
3845600737
3844262840
3843847437
3842880342
3846544209
3846550917
3846499868
3846482145
3846101732
3844916007
3844889282
3844834471
3844704298
3846211961
3846124510
3846149909
3845976383
3845992884
3845352639
3845309226
3845294139
3845290140
3845065174
3845112317
3845085721
3845027290
3844126901
3844171167
3846378736
3846372202
3846297898
3846322570
3846543034
3846491443
3846188219
3845122010
3835597586
3835631775
3835552619
3830410879
3830372245
3845980203
3845875068
3844642411
3844606565
3844590523
3839690222
3839633390
3839629805
3839566577
3839544344
3846413684
3842412244
3842306001
3842296460
3846566394
3846562748
3846437854
3846409668
3843324452
3842109911
3841974815
3841685010
3841100052
3844874711
3844777210
3844800504
3842146777
3846310693
3846186416
3846097872
3844061071
3843883503
3843655355
3837406996
3837349689
3837391608
3837278798
3836512305
3841958586
3841964237
3841922231
3841759684
3841813535
3841754418
3840901489
3838968356
3838970463
3838904848
3846233135
3846156079
3846090771
3845976703
3846030173
3844343033
3844301731
3844260845
3844226531
3844232815
3844029817
3843863242
3846596997
3846561814
3846446224
3846246371
3843513828
3843292896
3843246507
3846499327
3846456286
3846450371
3845834057
3846379405
3845956930
3845054766
3840576295
3843709619
3842823888
3842765025
3839358049
3835774077
3843275885
3843214025
3843153042
3843108776
3845009357
3844973946
3844605079
3846401308
3846343446
3846236704
3845052154
3845024540
3845593770
3843495534
3843475526
3846093228
3845195075
3845158597
3844215538
3846121539
3845363488
3845380291
3845259276
3845266282
3846584534
3846529214
3846094101
3845314472
3845369829
3845115005
3845077717
3844930558
3844835465
3844820474
3842985151
3841660073
3840529532
3839243934
3844633315
3843674292
3843467304
3846578303
3846576923
3846621662
3846527904
3846505517
3842903808
3842919776
3845654959
3845633081
3840914295
3840875673
3840852528
3843517507
3843437225
3843383048
3843299431
3846477140
3845302793
3841798321
3840770510
3839257883
3845899310
3846595841
3846620928
3846531872
3846520711
3846429524
3846548495
3846532465
3846422434
3846351351
3839056085
3839031841
3839002552
3838934337
3838636428
3844990302
3834833587
3834744698
3834704926
3832991054
3846397792
3846344798
3845877434
3843619498
3843429118
3839110956
3837636377
3845449921
3845339146
3845317993
3845373470
3845617211
3845594041
3845261602
3841331196
3841256600
3840702992
3838880799
3843374870
3839705032
3838718591
3838627232
3838593140
3846224225
3845266966
3845292826
3845191282
3845117431
3840546130
3846303426
3846226447
3844761207
3844513475
3844105129
3828987715
3828919226
3828863465
3828781665
3828733138
3846578179
3846632037
3846568899
3846361790
3845780634
3846214912
3846128046
3839793603
3839688484
3839651456
3839515062
3834621562
3837913311
3837931450
3827233784
3827167797
3827115016
3844548782
3844561825
3844511892
3842476171
3844033644
3842110865
3841936068
3841155040
3841047803
3842379799
3842350170
3845721157
3845022766
3844848143
3844841756
3843601007
3846291481
3843588788
3842280120
3841807983
3845331305
3842829214
3842743116
3839926108
3839655493
3846382552
3846298817
3845562092
3845498512
3844741789
3832872619
3832838705
3832845219
3832172993
3832126309
3846516868
3845254825
3845233311
3844851527
3844804769
3844780924
3839696021
3839588291
3846602923
3846539496
3845184058
3844982055
3844200623
3839641649
3839626472
3839573492
3838573733
3838457962
3845972304
3846191313
3845894066
3845179646
3834426324
3833668661
3833660166
3833478918
3833023780
3845725829
3845659442
3845645240
3846506976
3844225817
3844213907
3844221354
3845076653
3837457564
3837422519
3845590652
3845458346
3825038308
3825032388
3824938580
3824949949
3824863181
3840409317
3840314286
3839143522
3839186958
3839184278
3839161849
3839127704
3839094878
3846503850
3839627179
3839585918
3843384467
3843380249
3841396595
3844218252
3844206805
3844223504
3840515817
3845336028
3845109655
3844681088
3843576272
3845890060
3845745536
3838969974
3834781395
3834714248
3834627243
3834612779
3845727790
3845762726
3845648893
3845683686
3845690948
3846503199
3845843983
3845155286
3845098764
3845670146
3845366510
3841758059
3841813692
3839430735
3839377436
3839063414
3846383589
3846307036
3846300506
3846411526
3845357774
3845335926
3843199121
3840975626
3840937985
3840904858
3846386267
3846329709
3846295098
3846000116
3836505568
3836468058
3836377428
3836369842
3845081949
3845006536
3844990667
3844813430
3834372035
3826046681
3826011875
3825934119
3825879004
3845599749
3845296743
3845281497
3845226910
3845190122
3846490485
3846440878
3846371291
3845644824
3846098675
3845648226
3845764619
3845755126
3845731486
3842579900
3840451733
3845868157
3842473090
3846116758
3846139865
3846034511
3845980499
3842664572
3842595958
3842549551
3842550276
3842445929
3846205628
3841453572
3840454091
3840451171
3845877688
3845745548
3845772335
3845750995
3845676975
3846540058
3846436867
3846441098
3846385975
3846342686
3821559830
3821453813
3815748701
3845204542
3843540396
3843359386
3842724838
3843679522
3842148164
3840719245
3839967111
3829944058
3826343200
3824489007
3821649829
3821563448
3846618840
3846605103
3846610761
3846569973
3846504303
3846189715
3846146133
3846382453
3842882571
3841231772
3838800916
3838486532
3830235173
3829002190
3824716683
3846459759
3842776173
3842772009
3842657672
3842672158
3840242526
3840085555
3837501585
3827677229
3827669930
3846537738
3846438907
3844576143
3844298081
3843636718
3843621929
3843237002
3843678714
3843670507
3843516128
3842617605
3842298372
3845883935
3834666810
3834641891
3834588817
3834591090
3846616413
3846593389
3846581370
3846306375
3846076721
3845376299
3845345054
3846442533
3844900515
3844834012
3843392312
3841721375
3829986153
3830042206
3829980373
3821585409
3821513734
3845750421
3845044208
3842399737
3842352810
3842302472
3842267897
3846494157
3846427362
3846315388
3846213921
3845787046
3845734201
3845740811
3845685951
3834921313
3834822016
3832804966
3824291297
3821338507
3844281649
3844006066
3840339731
3840286398
3840259154
3834476397
3834473036
3833219837
3832938955
3832933374
3844704696
3844709966
3840665817
3846618580
3838500286
3838356845
3838362610
3837135766
3837180033
3843388924
3843411690
3843318216
3843291255
3843235785
3821592036
3821572664
3821226690
3821271065
3821166829
3846194950
3846116786
3843270454
3842543174
3846605624
3846365164
3845989564
3846417205
3846399969
3846311386
3821354838
3821325546
3821282354
3821245897
3841811013
3841736355
3839630368
3839563263
3843434594
3842486386
3842397675
3841670372
3833397053
3826726793
3826694279
3826659520
3826606615
3845687903
3839526942
3839504030
3839478666
3839426074
3843410494
3837367714
3837374278
3837331487
3836475322
3846239275
3845899230
3845867576
3845754238
3845669047
3839061400
3838975993
3838928496
3838863759
3838766961
3845483579
3845435014
3845001821
3844621677
3845991553
3845896299
3844931498
3844890586
3844843055
3830575569
3828885801
3828848201
3820085781
3846410287
3846344891
3845956297
3845879168
3846514756
3844784175
3840316810
3838499643
3837227137
3846616648
3846624511
3846610364
3845283763
3845259970
3845334363
3845331866
3845307202
3846035309
3846012834
3845868578
3842415840
3842358250
3830252589
3830077854
3830084200
3829999724
3830046149
3840258020
3840183462
3840076554
3839966857
3839891876
3846593545
3846548212
3846331335
3842785842
3842762079
3842705926
3846627460
3846624507
3846196295
3846181447
3846094384
3844112878
3842464453
3842378587
3842400802
3837427679
3845226861
3842465380
3841477578
3841464358
3841471006
3846229803
3844776308
3844781893
3844746796
3844930978
3844835320
3842914257
3840540784
3840468278
3846611099
3846537545
3846532964
3846469096
3846616761
3846613332
3846548960
3846543975
3846499192
3842740494
3842712853
3842624322
3842566880
3842531224
3845578330
3844884494
3844840935
3837780335
3837724076
3846239061
3846242926
3846146986
3846537420
3846436405
3846430518
3846312954
3846223788
3846539705
3846507651
3846531046
3846436248
3846404230
3846502534
3846423819
3846391065
3846302114
3846185760
3843855733
3843688932
3843664823
3843367202
3843365233
3844765107
3844642115
3844577881
3842251452
3841466063
3841522457
3845727094
3845744695
3845730626
3844894359
3844873425
3831834867
3830349606
3830316949
3845741187
3845658678
3845547327
3845572792
3845580268
3844049063
3844044692
3843865948
3842330796
3842295389
3846398188
3845987349
3845108365
3845151089
3844994989
3843886668
3846637991
3846323384
3846078898
3844790850
3844717016
3844712424
3844619476
3844624341
3845408141
3845406159
3845461840
3845400266
3845347342
3845958992
3835518743
3835524103
3834335120
3834286519
3846358456
3846292431
3845746500
3839230266
3836236673
3836269903
3836070719
3833437923
3846443430
3846416642
3846422626
3846307061
3846312278
3844534331
3843102704
3843008524
3843901016
3843736137
3843582255
3843525616
3846615906
3846613246
3845688143
3845645696
3841971584
3841920951
3839438073
3845861987
3845733867
3845634309
3845567464
3846340046
3846184765
3845477150
3844015278
3836549644
3836516869
3831809697
3831812267
3831644574
3840609584
3835078327
3834957484
3833675285
3833700672
3846304420
3845780181
3845618118
3845509893
3845786569
3842334658
3842311707
3842248638
3842274155
3833209837
3833171615
3833121414
3833017549
3833052080
3836536761
3836551697
3836395402
3827706238
3827114398
3844479465
3844484843
3844520886
3844060856
3843894434
3846205838
3846079516
3846151994
3844940633
3844845958
3846588191
3846487862
3841187735
3840276920
3840242414
3844889436
3844857014
3844246112
3844213996
3844221749
3845670886
3816663502
3816489248
3816493773
3816387457
3816360408
3828433373
3828138785
3828162328
3827356001
3827227123
3839402934
3822397099
3820462318
3819874405
3845090820
3845013652
3844939265
3844856484
3842339447
3842344903
3842332008
3842239206
3842106303
3846223111
3844790715
3844697610
3844627478
3843271552
3846242413
3846079201
3846141016
3845368643
3845355727
3840862271
3840807944
3840813453
3840763280
3840715468
3845215995
3845230385
3845154762
3835730590
3829095553
3827050336
3822489246
3821381910
3841419197
3841424971
3841429836
3817203602
3817151518
3843190448
3842644306
3842602028
3846628988
3846607618
3846633437
3846601868
3846508996
3846374385
3845859851
3846582027
3846544848
3846197933
3846192189
3846078430
3834381066
3834259425
3831844535
3814243103
3814089070
3845882738
3845503734
3844906678
3844840471
3843173673
3846362130
3846607639
3846577290
3846456206
3846398951
3846529518
3846516358
3846503534
3846415697
3846420195
3844368867
3844346100
3844351813
3846400491
3846334562
3846099568
3841086537
3840767803
3839465221
3839404843
3838830721
3846115728
3846110852
3845996104
3845738192
3836388356
3836393070
3836326559
3836341532
3843114884
3843082842
3839655178
3839575181
3839580205
3845514349
3845531020
3845457792
3845416945
3845984587
3845827388
3844760465
3843908851
3838114605
3838039258
3837997211
3838061406
3845759775
3845677056
3845654288
3846369868
3846311476
3846196496
3846009855
3845687893
3843997286
3841247740
3841178822
3841114243
3841092782
3841106356
3841018601
3840919269
3840915664
3840889210
3821892892
3821866696
3818969950
3815984563
3815732468
3846630589
3846452328
3823126441
3820516061
3820492821
3820447348
3815132520
3815086930
3815018962
3811199638
3811164903
3846543935
3846447294
3846451596
3846344226
3846363606
3846298133
3844822237
3844786025
3844706561
3834464251
3834510474
3836332957
3822832308
3822728848
3822699627
3822656112
3838961461
3838815268
3833548626
3833505017
3830305860
3846553190
3846435144
3845981335
3846156662
3845979814
3845848400
3845834550
3845825910
3845779312
3845776208
3840092806
3817071031
3816977805
3816966049
3836713023
3836691242
3836603723
3836219862
3836051189
3835715202
3835662723
3832011283
3831974654
3828823053
3814739736
3814126656
3814102932
3814069291
3813397751
3844994149
3844958355
3844665672
3842528805
3846433715
3846375369
3846337785
3846320626
3846110336
3845667604
3844536673
3842106588
3842141069
3840738983
3838658377
3844561795
3844373962
3845231403
3845969839
3825529727
3822316145
3819747026
3819528571
3845619642
3845030814
3844464984
3843993123
3843675386
3821624052
3816987633
3816110026
3816061766
3814025254
3814807793
3814800537
3813086384
3813053338
3812972676
3846526421
3846469095
3846463452
3846363052
3846324477
3824322388
3824266376
3824242043
3824146612
3824170674
3843907945
3842719793
3842653174
3843446631
3842758324
3842773493
3840319124
3840304732
3815138574
3815152267
3815095070
3815007080
3813437592
3846211259
3846077831
3844968696
3844962229
3844944407
3846568519
3846432648
3842561478
3840911723
3846403065
3845958799
3836680754
3841122228
3840243856
3836458896
3836052044
3845207857
3844744772
3843095242
3843071755
3842801529
3837821651
3837806433
3837567910
3846539459
3846515415
3846499158
3846456128
3846095282
3817784227
3810927568
3810919584
3810849647
3810822459
3845721965
3842106876
3836521340
3836464234
3844829912
3844813454
3844718760
3844733423
3838864437
3844789818
3844540051
3846492324
3845086827
3844047858
3838906652
3834638667
3834633196
3812968281
3812993553
3810882984
3810785342
3807973003
3846146376
3843394771
3842146753
3841164426
3846579512
3846570031
3846476449
3846316224
3844757292
3844524457
3844519961
3845886775
3845873048
3845830476
3845727811
3845771137
3846526966
3846550711
3845243113
3843155777
3843189736
3841393249
3841367294
3845267538
3845303724
3845281404
3844816275
3844730387
3846297413
3846290022
3846241170
3844511209
3844428241
3844462577
3844450803
3843500629
3845778787
3845766356
3845730117
3845959238
3845670512
3845605976
3844862478
3846529203
3846554336
3846541906
3846458147
3842533180
3842490646
3842373874
3842366121
3816860539
3815401779
3815400007
3815386393
3815373988
3844742109
3844638594
3844588369
3842866508
3839394598
3842693661
3842586889
3842580508
3827791414
3826525558
3826580720
3822118006
3822114584
3845667027
3843704475
3844905967
3844855618
3842444532
3842425712
3846414488
3846104741
3846036852
3844807861
3844770791
3843432327
3843243827
3841388783
3841233696
3841102755
3844790127
3844694864
3844673490
3846338561
3846304313
3846196998
3845987917
3846033268
3846501020
3837397480
3827018218
3845130031
3845065567
3844996752
3843661458
3842374121
3846618247
3846329641
3846335481
3846111106
3845977322
3844752369
3846330099
3846232751
3844658036
3843230369
3843196180
3843120468
3843025100
3846641850
3846587445
3846129514
3845988625
3844972649
3844883040
3844796958
3843413618
3843351767
3845866126
3837931239
3837888005
3837867487
3837843994
3844931859
3844884201
3844799234
3844794927
3843303252
3846369802
3846335091
3846124532
3846039060
3842477655
3842364353
3842278347
3842282905
3830257473
3830205087
3830093391
3830111164
3841004263
3837367491
3837206669
3837203250
3845030477
3845022301
3831247508
3830722319
3827076332
3815092965
3815031852
3846580766
3846516620
3846453258
3841339793
3815106659
3814702308
3814646352
3811796546
3827407706
3827338227
3826216544
3826104791
3825998171
3844775027
3844013735
3843479357
3843433752
3811787671
3811792459
3811182484
3811085324
3809440876
3838571901
3838508378
3837753895
3837745602
3835838832
3835854007
3835769353
3835785050
3817456576
3809604085
3809493265
3809396652
3809336706
3809162755
3846618976
3846616633
3846572565
3846548576
3846554162
3845758389
3843082674
3843009029
3838029074
3837987230
3845658343
3840744103
3840693144
3834808494
3834493320
3834427339
3834423619
3834386884
3814704955
3844639168
3844635029
3844609178
3844123736
3842427341
3842093940
3841959220
3841964913
3841962059
3841474120
3846509095
3846195540
3846159436
3846150734
3843208149
3842843486
3838626273
3838539529
3845771684
3843016862
3843061028
3842998822
3842996064
3838135321
3829981847
3829946331
3829932953
3838914362
3838836272
3838775764
3810631568
3810517162
3838994822
3838928811
3816013402
3813375391
3813390498
3845740166
3845651973
3842698506
3842661622
3845846701
3845894094
3845747983
3845773041
3845181951
3846516655
3843998640
3844032838
3809283714
3809250274
3845990907
3845759350
3845734115
3845678786
3845690713
3846484233
3846379225
3846420420
3846304722
3846290113
3846398909
3846374869
3841205683
3841179192
3841092666
3843336409
3843078057
3843062932
3843009807
3841970766
3845959633
3845953884
3845846573
3845831415
3845756867
3830698392
3820050883
3819975778
3819898779
3819833752
3844701814
3844635798
3842313455
3842286719
3836085944
3834589421
3833006548
3845655916
3843176858
3842504418
3842387858
3821670358
3813120391
3808702752
3808676156
3808547759
3846482647
3844774269
3840988957
3840973255
3844241915
3844554033
3844404224
3844369667
3843557267
3843493755
3841424049
3839368494
3837395112
3836433550
3845772497
3845685032
3845673026
3845577591
3845546605
3846124745
3844768681
3845993706
3845878852
3845873985
3845870221
3845766103
3845685037
3845608118
3845594269
3842782322
3845101114
3844400980
3843104259
3843109912
3841075644
3846629914
3846507287
3844666924
3843413440
3844144511
3844101487
3844045363
3843990914
3843621259
3810680881
3810596636
3810623960
3810580029
3810443295
3846422035
3838605257
3837456110
3837410138
3836325531
3834199230
3834195712
3833393445
3833278065
3833259632
3845065836
3845006304
3844914717
3844868128
3817874946
3817854168
3817850658
3817788517
3815923634
3846368494
3846344979
3846014228
3838973356
3838764273
3826385890
3826380461
3845301996
3845198831
3846213540
3846124408
3845974318
3845897857
3846495388
3846431833
3845070923
3808893309
3808949978
3808827841
3808855727
3845821136
3844856573
3846340451
3845077882
3844496457
3846444973
3846480194
3846393929
3846299007
3844726195
3842778407
3842764084
3837587158
3843413405
3843371892
3838327804
3834597549
3834543753
3834508918
3825964212
3825827181
3825880941
3825766972
3844510917
3844467213
3844463908
3844431577
3842931684
3845672783
3819633114
3810724464
3805552162
3805427455
3805441270
3792123311
3843326480
3843304435
3842381299
3842325397
3841722808
3844738029
3844713273
3844577250
3846387058
3843604292
3843420323
3831805270
3830473254
3830433267
3821360528
3821330582
3819713837
3819613012
3819033656
3846369222
3846421825
3846327917
3844858360
3843890335
3838627699
3837669396
3837643633
3837610826
3844860039
3844800542
3844714849
3842524483
3842482022
3846464522
3846198111
3845172197
3846423895
3846108223
3846094481
3834113514
3830444541
3830371484
3829993411
3842413256
3840947292
3823766685
3823782362
3816932892
3809925941
3809765068
3846472784
3846387256
3845977930
3802821321
3802406250
3802404374
3800167691
3800163411
3845888154
3845893715
3845830693
3845771067
3846002975
3845829423
3845825813
3813693960
3813585852
3813534198
3804647719
3804660280
3841449629
3841480003
3829156026
3829170104
3802738789
3840240702
3838833016
3838735566
3838704713
3838679900
3846398585
3845660225
3844685771
3844548519
3844101255
3844012802
3843848011
3845981269
3834308569
3834301314
3833430224
3833391058
3833312795
3846515908
3846499284
3846438311
3846428536
3846372633
3839541850
3839520220
3837487374
3833359542
3833362875
3844754228
3846183603
3845839880
3842319649
3842117863
3841935927
3845612853
3845580334
3845488991
3845495830
3843418789
3845383406
3845993335
3846524337
3846499589
3845266638
3845290199
3821265856
3821099667
3821086418
3821122707
3846689758
3846416506
3846379998
3839762529
3845823578
3845737805
3838605776
3830488625
3830469348
3845755407
3844729265
3844733476
3844512734
3844467507
3844375467
3844360122
3841500891
3838626454
3838651544
3837878623
3845601567
3845489518
3845478301
3838289719
3838363327
3835836113
3835891824
3835757081
3834555702
3846549757
3846435674
3802497402
3801554675
3801571891
3825507138
3824981150
3824885309
3824821954
3824283584
3846369840
3845576469
3844909635
3844940331
3844822717
3846671364
3846559143
3846439792
3833149691
3833127210
3833047902
3831383627
3830169445
3841181025
3803585733
3802574020
3845110917
3844762031
3844706967
3846466012
3846430929
3846373103
3846354726
3844742718
3844429418
3838624582
3838601801
3838461150
3843307297
3837326135
3836231522
3835152887
3814237931
3846507246
3846477070
3846422537
3846316514
3846227894
3846234278
3844737095
3844703607
3839488952
3838690379
3845062990
3846589551
3846561081
3846439649
3844571236
3836368410
3836347207
3836268896
3845822542
3846295370
3846247429
3846078031
3846100127
3845985581
3845760781
3845667492
3844178392
3844156423
3846401235
3846354820
3845748246
3844451755
3843686762
3843660028
3842884256
3842861690
3842855624
3846641302
3845186901
3845694330
3845619391
3845139296
3844550787
3846475436
3846409018
3845846525
3846451693
3844812683
3844396908
3844208131
3844214601
3844885082
3844820386
3844717508
3845882013
3841956148
3841963551
3834356784
3841289494
3845681270
3845482762
3831212592
3829918465
3827784838
3845104394
3845036598
3845317536
3844179227
3845218708
3845174857
3845139086
3844932973
3844064779
3838698914
3837741937
3837668618
3836851262
3844020125
3843913936
3843659271
3840458690
3844115375
3843653778
3843688018
3843651300
3846193869
3846103971
3845105458
3845890298
3846408113
3846423732
3846348249
3846313701
3846195961
3845588378
3845131973
3845055976
3844999551
3843603362
3843456798
3843357921
3843382449
3843267597
3843116743
3845257242
3846642463
3844319898
3844193091
3844470252
3844415149
3844410574
3844386090
3844384418
3844149971
3846346417
3846310625
3845036919
3845032875
3842759591
3842734595
3842709106
3842596758
3842722250
3842673209
3842685851
3842641373
3845064350
3844246544
3844223142
3844129465
3842648532
3841073954
3839593530
3845264980
3842512981
3841442272
3841262861
3841221455
3841148463
3845410243
3844949364
3843556608
3843523942
3843478627
3844646272
3844940678
3842075011
3840080516
3839923940
3839757253
3846538205
3842070635
3841224174
3840859760
3845683474
3844427825
3841958363
3841946869
3841794999
3841445452
3841412285
3846383226
3846070676
3845829230
3843286229
3842799706
3842796007
3842802046
3842741327
3846661215
3845586664
3841924405
3841791769
3839433505
3844598853
3843141598
3842712507
3841014118
3836509980
3836027330
3834583850
3834469706
3843151307
3843102850
3842919363
3846619922
3846420638
3840826535
3840801681
3840718964
3840658956
3846672018
3845686517
3845682003
3845547873
3845593129
3844607383
3844564353
3844549775
3844476048
3844492241
3844552482
3844507131
3843270485
3840822583
3843079369
3843114282
3840489365
3842798224
3842803246
3841559876
3840251600
3840084432
3839962647
3839758476
3839732267
3837680783
3836703432
3836648905
3833545556
3843729823
3842895482
3841621177
3841586561
3841590613
3839678292
3839638303
3839623570
3843309145
3842841332
3840884188
3839947551
3846117122
3846432707
3844737832
3844712713
3844637184
3845689004
3845472486
3842145060
3841959549
3841442988
3841410508
3841363834
3845146948
3845144096
3842256425
3842179555
3842146534
3844540452
3843082202
3845753906
3845688300
3846670108
3841813165
3841708681
3841684696
3842460958
3842434381
3844506162
3843896185
3843707926
3843097315
3842686698
3840462707
3840354454
3840309677
3844876412
3844870448
3844128340
3844144122
3846639332
3845306767
3844676470
3838468896
3846464481
3845165373
3844353291
3844360988
3846690175
3846636836
3846566393
3846554300
3846495252
3843349723
3846211484
3838817131
3838850753
3838794262
3838728588
3838670683
3838456431
3838479869
3832939028
3832974020
3832879121
3839305922
3838632605
3838552607
3846589143
3846615661
3842820414
3842698487
3841583292
3845663531
3845286604
3844590556
3843351179
3842523571
3841689416
3841677386
3842691882
3842899311
3840959607
3837178065
3845220381
3845115958
3844630442
3844586069
3845041172
3838885326
3837097355
3836374032
3836341984
3836227787
3836021615
3844010387
3841365884
3841319647
3845057513
3845062556
3840691706
3837634168
3842395051
3839502587
3838861929
3845157165
3845162139
3845068602
3845061165
3842806133
3842356650
3840928158
3835624428
3835610640
3835575841
3845247883
3839006197
3845027778
3835760460
3835619515
3835214292
3835162218
3844513440
3835224736
3835170409
3833717749
3832381024
3832354862
3846558715
3846543903
3845650340
3842101818
3839434723
3844713017
3843391404
3843315228
3841024394
3844942686
3843386228
3842438040
3842433668
3842359224
3842360649
3840910606
3839635461
3839154642
3839151999
3839107864
3838776289
3845845494
3845774016
3798969270
3797847963
3796646982
3796639837
3843634643
3843538728
3844707146
3844712885
3842746853
3834625003
3834497312
3845213241
3843160153
3840456013
3844928939
3843730628
3839783602
3842523937
3842472226
3844631859
3844548610
3845063864
3844808776
3844766829
3844414976
3844460718
3844412634
3843035533
3842368682
3839899075
3839873925
3838632402
3838462099
3840736358
3840640068
3840593875
3840563159
3840539371
3844872770
3844771250
3845098276
3844825157
3846303886
3842447926
3839126764
3842767747
3842734149
3842697967
3834278569
3832150006
3832027896
3832012129
3830644037
3843155945
3843088401
3843415760
3840449815
3840404503
3840278942
3838784038
3838718639
3832799927
3831421846
3831321674
3830495908
3815685615
3844640945
3844484412
3844473378
3844470464
3844435734
3844306087
3846578349
3846568706
3846544597
3845052350
3844974704
3844717701
3840578222
3839665091
3845460167
